input_file=input1.txt input_len=2551
idx exp src rx src_match rx_match ascii
0 53 53 00 1 0 S
1 70 70 00 1 0 p
2 4f 4f 00 1 0 O
3 32 32 00 1 0 2
4 20 20 00 1 0  
5 20 20 00 1 0  
6 20 20 00 1 0  
7 20 20 00 1 0  
8 48 48 00 1 0 H
9 65 65 00 1 0 e
10 61 61 00 1 0 a
11 72 72 00 1 0 r
12 74 74 00 1 0 t
13 20 20 00 1 0  
14 52 52 00 1 0 R
15 61 61 00 1 0 a
16 74 74 00 1 0 t
17 65 65 00 1 0 e
18 0a 0a 00 1 0 .
19 39 39 00 1 0 9
20 38 38 00 1 0 8
21 20 20 00 1 0  
22 20 20 00 1 0  
23 20 20 00 1 0  
24 20 20 00 1 0  
25 20 20 00 1 0  
26 20 20 00 1 0  
27 37 37 00 1 0 7
28 32 32 00 1 0 2
29 0a 0a 00 1 0 .
30 39 39 00 1 0 9
31 37 37 00 1 0 7
32 20 20 00 1 0  
33 20 20 00 1 0  
34 20 20 00 1 0  
35 20 20 00 1 0  
36 20 20 00 1 0  
37 20 20 00 1 0  
38 37 37 00 1 0 7
39 35 35 00 1 0 5
40 0a 0a 00 1 0 .
41 39 39 00 1 0 9
42 39 39 00 1 0 9
43 20 20 00 1 0  
44 20 20 00 1 0  
45 20 20 00 1 0  
46 20 20 00 1 0  
47 20 20 00 1 0  
48 20 20 00 1 0  
49 37 37 00 1 0 7
50 30 30 00 1 0 0
51 0a 0a 00 1 0 .
52 39 39 00 1 0 9
53 36 36 00 1 0 6
54 20 20 00 1 0  
55 20 20 00 1 0  
56 20 20 00 1 0  
57 20 20 00 1 0  
58 20 20 00 1 0  
59 20 20 00 1 0  
60 37 37 00 1 0 7
61 38 38 00 1 0 8
62 0a 0a 00 1 0 .
63 39 39 00 1 0 9
64 38 38 00 1 0 8
65 20 20 00 1 0  
66 20 20 00 1 0  
67 20 20 00 1 0  
68 20 20 00 1 0  
69 20 20 00 1 0  
70 20 20 00 1 0  
71 37 37 00 1 0 7
72 34 34 00 1 0 4
73 0a 0a 00 1 0 .
74 39 39 00 1 0 9
75 37 37 00 1 0 7
76 20 20 00 1 0  
77 20 20 00 1 0  
78 20 20 00 1 0  
79 20 20 00 1 0  
80 20 20 00 1 0  
81 20 20 00 1 0  
82 37 37 00 1 0 7
83 36 36 00 1 0 6
84 0a 0a 00 1 0 .
85 39 39 00 1 0 9
86 39 39 00 1 0 9
87 20 20 00 1 0  
88 20 20 00 1 0  
89 20 20 00 1 0  
90 20 20 00 1 0  
91 20 20 00 1 0  
92 20 20 00 1 0  
93 37 37 00 1 0 7
94 31 31 00 1 0 1
95 0a 0a 00 1 0 .
96 39 39 00 1 0 9
97 35 35 00 1 0 5
98 20 20 00 1 0  
99 20 20 00 1 0  
100 20 20 00 1 0  
101 20 20 00 1 0  
102 20 20 00 1 0  
103 20 20 00 1 0  
104 38 38 00 1 0 8
105 30 30 00 1 0 0
106 0a 0a 00 1 0 .
107 39 39 00 1 0 9
108 38 38 00 1 0 8
109 20 20 00 1 0  
110 20 20 00 1 0  
111 20 20 00 1 0  
112 20 20 00 1 0  
113 20 20 00 1 0  
114 20 20 00 1 0  
115 37 37 00 1 0 7
116 33 33 00 1 0 3
117 0a 0a 00 1 0 .
118 39 39 00 1 0 9
119 37 37 00 1 0 7
120 20 20 00 1 0  
121 20 20 00 1 0  
122 20 20 00 1 0  
123 20 20 00 1 0  
124 20 20 00 1 0  
125 20 20 00 1 0  
126 37 37 00 1 0 7
127 37 37 00 1 0 7
128 0a 0a 00 1 0 .
129 39 39 00 1 0 9
130 36 36 00 1 0 6
131 20 20 00 1 0  
132 20 20 00 1 0  
133 20 20 00 1 0  
134 20 20 00 1 0  
135 20 20 00 1 0  
136 20 20 00 1 0  
137 37 37 00 1 0 7
138 39 39 00 1 0 9
139 0a 0a 00 1 0 .
140 39 39 00 1 0 9
141 38 38 00 1 0 8
142 20 20 00 1 0  
143 20 20 00 1 0  
144 20 20 00 1 0  
145 20 20 00 1 0  
146 20 20 00 1 0  
147 20 20 00 1 0  
148 37 37 00 1 0 7
149 32 32 00 1 0 2
150 0a 0a 00 1 0 .
151 39 39 00 1 0 9
152 39 39 00 1 0 9
153 20 20 00 1 0  
154 20 20 00 1 0  
155 20 20 00 1 0  
156 20 20 00 1 0  
157 20 20 00 1 0  
158 20 20 00 1 0  
159 36 36 00 1 0 6
160 39 39 00 1 0 9
161 0a 0a 00 1 0 .
162 39 39 00 1 0 9
163 37 37 00 1 0 7
164 20 20 00 1 0  
165 20 20 00 1 0  
166 20 20 00 1 0  
167 20 20 00 1 0  
168 20 20 00 1 0  
169 20 20 00 1 0  
170 37 37 00 1 0 7
171 34 34 00 1 0 4
172 0a 0a 00 1 0 .
173 39 39 00 1 0 9
174 36 36 00 1 0 6
175 20 20 00 1 0  
176 20 20 00 1 0  
177 20 20 00 1 0  
178 20 20 00 1 0  
179 20 20 00 1 0  
180 20 20 00 1 0  
181 38 38 00 1 0 8
182 31 31 00 1 0 1
183 0a 0a 00 1 0 .
184 39 39 00 1 0 9
185 38 38 00 1 0 8
186 20 20 00 1 0  
187 20 20 00 1 0  
188 20 20 00 1 0  
189 20 20 00 1 0  
190 20 20 00 1 0  
191 20 20 00 1 0  
192 37 37 00 1 0 7
193 35 35 00 1 0 5
194 0a 0a 00 1 0 .
195 39 39 00 1 0 9
196 37 37 00 1 0 7
197 20 20 00 1 0  
198 20 20 00 1 0  
199 20 20 00 1 0  
200 20 20 00 1 0  
201 20 20 00 1 0  
202 20 20 00 1 0  
203 37 37 00 1 0 7
204 33 33 00 1 0 3
205 0a 0a 00 1 0 .
206 39 39 00 1 0 9
207 39 39 00 1 0 9
208 20 20 00 1 0  
209 20 20 00 1 0  
210 20 20 00 1 0  
211 20 20 00 1 0  
212 20 20 00 1 0  
213 20 20 00 1 0  
214 37 37 00 1 0 7
215 30 30 00 1 0 0
216 0a 0a 00 1 0 .
217 39 39 00 1 0 9
218 35 35 00 1 0 5
219 20 20 00 1 0  
220 20 20 00 1 0  
221 20 20 00 1 0  
222 20 20 00 1 0  
223 20 20 00 1 0  
224 20 20 00 1 0  
225 38 38 00 1 0 8
226 32 32 00 1 0 2
227 0a 0a 00 1 0 .
228 39 39 00 1 0 9
229 38 38 00 1 0 8
230 20 20 00 1 0  
231 20 20 00 1 0  
232 20 20 00 1 0  
233 20 20 00 1 0  
234 20 20 00 1 0  
235 20 20 00 1 0  
236 37 37 00 1 0 7
237 36 36 00 1 0 6
238 0a 0a 00 1 0 .
239 39 39 00 1 0 9
240 37 37 00 1 0 7
241 20 20 00 1 0  
242 20 20 00 1 0  
243 20 20 00 1 0  
244 20 20 00 1 0  
245 20 20 00 1 0  
246 20 20 00 1 0  
247 37 37 00 1 0 7
248 34 34 00 1 0 4
249 0a 0a 00 1 0 .
250 39 39 00 1 0 9
251 36 36 00 1 0 6
252 20 20 00 1 0  
253 20 20 00 1 0  
254 20 20 00 1 0  
255 20 20 00 1 0  
256 20 20 00 1 0  
257 20 20 00 1 0  
258 37 37 00 1 0 7
259 38 38 00 1 0 8
260 0a 0a 00 1 0 .
261 39 39 00 1 0 9
262 39 39 00 1 0 9
263 20 20 00 1 0  
264 20 20 00 1 0  
265 20 20 00 1 0  
266 20 20 00 1 0  
267 20 20 00 1 0  
268 20 20 00 1 0  
269 37 37 00 1 0 7
270 31 31 00 1 0 1
271 0a 0a 00 1 0 .
272 39 39 00 1 0 9
273 38 38 00 1 0 8
274 20 20 00 1 0  
275 20 20 00 1 0  
276 20 20 00 1 0  
277 20 20 00 1 0  
278 20 20 00 1 0  
279 20 20 00 1 0  
280 37 37 00 1 0 7
281 33 33 00 1 0 3
282 0a 0a 00 1 0 .
283 39 39 00 1 0 9
284 37 37 00 1 0 7
285 20 20 00 1 0  
286 20 20 00 1 0  
287 20 20 00 1 0  
288 20 20 00 1 0  
289 20 20 00 1 0  
290 20 20 00 1 0  
291 37 37 00 1 0 7
292 35 35 00 1 0 5
293 0a 0a 00 1 0 .
294 39 39 00 1 0 9
295 36 36 00 1 0 6
296 20 20 00 1 0  
297 20 20 00 1 0  
298 20 20 00 1 0  
299 20 20 00 1 0  
300 20 20 00 1 0  
301 20 20 00 1 0  
302 37 37 00 1 0 7
303 39 39 00 1 0 9
304 0a 0a 00 1 0 .
305 39 39 00 1 0 9
306 38 38 00 1 0 8
307 20 20 00 1 0  
308 20 20 00 1 0  
309 20 20 00 1 0  
310 20 20 00 1 0  
311 20 20 00 1 0  
312 20 20 00 1 0  
313 37 37 00 1 0 7
314 34 34 00 1 0 4
315 0a 0a 00 1 0 .
316 39 39 00 1 0 9
317 39 39 00 1 0 9
318 20 20 00 1 0  
319 20 20 00 1 0  
320 20 20 00 1 0  
321 20 20 00 1 0  
322 20 20 00 1 0  
323 20 20 00 1 0  
324 37 37 00 1 0 7
325 32 32 00 1 0 2
326 0a 0a 00 1 0 .
327 39 39 00 1 0 9
328 35 35 00 1 0 5
329 20 20 00 1 0  
330 20 20 00 1 0  
331 20 20 00 1 0  
332 20 20 00 1 0  
333 20 20 00 1 0  
334 20 20 00 1 0  
335 38 38 00 1 0 8
336 33 33 00 1 0 3
337 0a 0a 00 1 0 .
338 39 39 00 1 0 9
339 37 37 00 1 0 7
340 20 20 00 1 0  
341 20 20 00 1 0  
342 20 20 00 1 0  
343 20 20 00 1 0  
344 20 20 00 1 0  
345 20 20 00 1 0  
346 37 37 00 1 0 7
347 36 36 00 1 0 6
348 0a 0a 00 1 0 .
349 39 39 00 1 0 9
350 38 38 00 1 0 8
351 20 20 00 1 0  
352 20 20 00 1 0  
353 20 20 00 1 0  
354 20 20 00 1 0  
355 20 20 00 1 0  
356 20 20 00 1 0  
357 37 37 00 1 0 7
358 35 35 00 1 0 5
359 0a 0a 00 1 0 .
360 39 39 00 1 0 9
361 36 36 00 1 0 6
362 20 20 00 1 0  
363 20 20 00 1 0  
364 20 20 00 1 0  
365 20 20 00 1 0  
366 20 20 00 1 0  
367 20 20 00 1 0  
368 38 38 00 1 0 8
369 30 30 00 1 0 0
370 0a 0a 00 1 0 .
371 39 39 00 1 0 9
372 39 39 00 1 0 9
373 20 20 00 1 0  
374 20 20 00 1 0  
375 20 20 00 1 0  
376 20 20 00 1 0  
377 20 20 00 1 0  
378 20 20 00 1 0  
379 37 37 00 1 0 7
380 30 30 00 1 0 0
381 0a 0a 00 1 0 .
382 39 39 00 1 0 9
383 37 37 00 1 0 7
384 20 20 00 1 0  
385 20 20 00 1 0  
386 20 20 00 1 0  
387 20 20 00 1 0  
388 20 20 00 1 0  
389 20 20 00 1 0  
390 37 37 00 1 0 7
391 34 34 00 1 0 4
392 0a 0a 00 1 0 .
393 39 39 00 1 0 9
394 38 38 00 1 0 8
395 20 20 00 1 0  
396 20 20 00 1 0  
397 20 20 00 1 0  
398 20 20 00 1 0  
399 20 20 00 1 0  
400 20 20 00 1 0  
401 37 37 00 1 0 7
402 33 33 00 1 0 3
403 0a 0a 00 1 0 .
404 39 39 00 1 0 9
405 36 36 00 1 0 6
406 20 20 00 1 0  
407 20 20 00 1 0  
408 20 20 00 1 0  
409 20 20 00 1 0  
410 20 20 00 1 0  
411 20 20 00 1 0  
412 37 37 00 1 0 7
413 37 37 00 1 0 7
414 0a 0a 00 1 0 .
415 39 39 00 1 0 9
416 39 39 00 1 0 9
417 20 20 00 1 0  
418 20 20 00 1 0  
419 20 20 00 1 0  
420 20 20 00 1 0  
421 20 20 00 1 0  
422 20 20 00 1 0  
423 36 36 00 1 0 6
424 39 39 00 1 0 9
425 0a 0a 00 1 0 .
426 39 39 00 1 0 9
427 35 35 00 1 0 5
428 20 20 00 1 0  
429 20 20 00 1 0  
430 20 20 00 1 0  
431 20 20 00 1 0  
432 20 20 00 1 0  
433 20 20 00 1 0  
434 38 38 00 1 0 8
435 34 34 00 1 0 4
436 0a 0a 00 1 0 .
437 39 39 00 1 0 9
438 38 38 00 1 0 8
439 20 20 00 1 0  
440 20 20 00 1 0  
441 20 20 00 1 0  
442 20 20 00 1 0  
443 20 20 00 1 0  
444 20 20 00 1 0  
445 37 37 00 1 0 7
446 36 36 00 1 0 6
447 0a 0a 00 1 0 .
448 39 39 00 1 0 9
449 37 37 00 1 0 7
450 20 20 00 1 0  
451 20 20 00 1 0  
452 20 20 00 1 0  
453 20 20 00 1 0  
454 20 20 00 1 0  
455 20 20 00 1 0  
456 37 37 00 1 0 7
457 35 35 00 1 0 5
458 0a 0a 00 1 0 .
459 39 39 00 1 0 9
460 36 36 00 1 0 6
461 20 20 00 1 0  
462 20 20 00 1 0  
463 20 20 00 1 0  
464 20 20 00 1 0  
465 20 20 00 1 0  
466 20 20 00 1 0  
467 37 37 00 1 0 7
468 38 38 00 1 0 8
469 0a 0a 00 1 0 .
470 39 39 00 1 0 9
471 38 38 00 1 0 8
472 20 20 00 1 0  
473 20 20 00 1 0  
474 20 20 00 1 0  
475 20 20 00 1 0  
476 20 20 00 1 0  
477 20 20 00 1 0  
478 37 37 00 1 0 7
479 34 34 00 1 0 4
480 0a 0a 00 1 0 .
481 39 39 00 1 0 9
482 39 39 00 1 0 9
483 20 20 00 1 0  
484 20 20 00 1 0  
485 20 20 00 1 0  
486 20 20 00 1 0  
487 20 20 00 1 0  
488 20 20 00 1 0  
489 37 37 00 1 0 7
490 31 31 00 1 0 1
491 0a 0a 00 1 0 .
492 39 39 00 1 0 9
493 37 37 00 1 0 7
494 20 20 00 1 0  
495 20 20 00 1 0  
496 20 20 00 1 0  
497 20 20 00 1 0  
498 20 20 00 1 0  
499 20 20 00 1 0  
500 37 37 00 1 0 7
501 33 33 00 1 0 3
502 0a 0a 00 1 0 .
503 39 39 00 1 0 9
504 36 36 00 1 0 6
505 20 20 00 1 0  
506 20 20 00 1 0  
507 20 20 00 1 0  
508 20 20 00 1 0  
509 20 20 00 1 0  
510 20 20 00 1 0  
511 37 37 00 1 0 7
512 39 39 00 1 0 9
513 0a 0a 00 1 0 .
514 39 39 00 1 0 9
515 38 38 00 1 0 8
516 20 20 00 1 0  
517 20 20 00 1 0  
518 20 20 00 1 0  
519 20 20 00 1 0  
520 20 20 00 1 0  
521 20 20 00 1 0  
522 37 37 00 1 0 7
523 37 37 00 1 0 7
524 0a 0a 00 1 0 .
525 39 39 00 1 0 9
526 35 35 00 1 0 5
527 20 20 00 1 0  
528 20 20 00 1 0  
529 20 20 00 1 0  
530 20 20 00 1 0  
531 20 20 00 1 0  
532 20 20 00 1 0  
533 38 38 00 1 0 8
534 32 32 00 1 0 2
535 0a 0a 00 1 0 .
536 39 39 00 1 0 9
537 39 39 00 1 0 9
538 20 20 00 1 0  
539 20 20 00 1 0  
540 20 20 00 1 0  
541 20 20 00 1 0  
542 20 20 00 1 0  
543 20 20 00 1 0  
544 37 37 00 1 0 7
545 30 30 00 1 0 0
546 0a 0a 00 1 0 .
547 39 39 00 1 0 9
548 37 37 00 1 0 7
549 20 20 00 1 0  
550 20 20 00 1 0  
551 20 20 00 1 0  
552 20 20 00 1 0  
553 20 20 00 1 0  
554 20 20 00 1 0  
555 37 37 00 1 0 7
556 34 34 00 1 0 4
557 0a 0a 00 1 0 .
558 39 39 00 1 0 9
559 38 38 00 1 0 8
560 20 20 00 1 0  
561 20 20 00 1 0  
562 20 20 00 1 0  
563 20 20 00 1 0  
564 20 20 00 1 0  
565 20 20 00 1 0  
566 37 37 00 1 0 7
567 35 35 00 1 0 5
568 0a 0a 00 1 0 .
569 39 39 00 1 0 9
570 36 36 00 1 0 6
571 20 20 00 1 0  
572 20 20 00 1 0  
573 20 20 00 1 0  
574 20 20 00 1 0  
575 20 20 00 1 0  
576 20 20 00 1 0  
577 37 37 00 1 0 7
578 38 38 00 1 0 8
579 0a 0a 00 1 0 .
580 39 39 00 1 0 9
581 37 37 00 1 0 7
582 20 20 00 1 0  
583 20 20 00 1 0  
584 20 20 00 1 0  
585 20 20 00 1 0  
586 20 20 00 1 0  
587 20 20 00 1 0  
588 37 37 00 1 0 7
589 36 36 00 1 0 6
590 0a 0a 00 1 0 .
591 39 39 00 1 0 9
592 38 38 00 1 0 8
593 20 20 00 1 0  
594 20 20 00 1 0  
595 20 20 00 1 0  
596 20 20 00 1 0  
597 20 20 00 1 0  
598 20 20 00 1 0  
599 37 37 00 1 0 7
600 33 33 00 1 0 3
601 0a 0a 00 1 0 .
602 39 39 00 1 0 9
603 39 39 00 1 0 9
604 20 20 00 1 0  
605 20 20 00 1 0  
606 20 20 00 1 0  
607 20 20 00 1 0  
608 20 20 00 1 0  
609 20 20 00 1 0  
610 37 37 00 1 0 7
611 32 32 00 1 0 2
612 0a 0a 00 1 0 .
613 39 39 00 1 0 9
614 36 36 00 1 0 6
615 20 20 00 1 0  
616 20 20 00 1 0  
617 20 20 00 1 0  
618 20 20 00 1 0  
619 20 20 00 1 0  
620 20 20 00 1 0  
621 38 38 00 1 0 8
622 30 30 00 1 0 0
623 0a 0a 00 1 0 .
624 39 39 00 1 0 9
625 35 35 00 1 0 5
626 20 20 00 1 0  
627 20 20 00 1 0  
628 20 20 00 1 0  
629 20 20 00 1 0  
630 20 20 00 1 0  
631 20 20 00 1 0  
632 38 38 00 1 0 8
633 35 35 00 1 0 5
634 0a 0a 00 1 0 .
635 39 39 00 1 0 9
636 38 38 00 1 0 8
637 20 20 00 1 0  
638 20 20 00 1 0  
639 20 20 00 1 0  
640 20 20 00 1 0  
641 20 20 00 1 0  
642 20 20 00 1 0  
643 37 37 00 1 0 7
644 34 34 00 1 0 4
645 0a 0a 00 1 0 .
646 39 39 00 1 0 9
647 37 37 00 1 0 7
648 20 20 00 1 0  
649 20 20 00 1 0  
650 20 20 00 1 0  
651 20 20 00 1 0  
652 20 20 00 1 0  
653 20 20 00 1 0  
654 37 37 00 1 0 7
655 37 37 00 1 0 7
656 0a 0a 00 1 0 .
657 39 39 00 1 0 9
658 39 39 00 1 0 9
659 20 20 00 1 0  
660 20 20 00 1 0  
661 20 20 00 1 0  
662 20 20 00 1 0  
663 20 20 00 1 0  
664 20 20 00 1 0  
665 37 37 00 1 0 7
666 31 31 00 1 0 1
667 0a 0a 00 1 0 .
668 39 39 00 1 0 9
669 36 36 00 1 0 6
670 20 20 00 1 0  
671 20 20 00 1 0  
672 20 20 00 1 0  
673 20 20 00 1 0  
674 20 20 00 1 0  
675 20 20 00 1 0  
676 37 37 00 1 0 7
677 39 39 00 1 0 9
678 0a 0a 00 1 0 .
679 39 39 00 1 0 9
680 38 38 00 1 0 8
681 20 20 00 1 0  
682 20 20 00 1 0  
683 20 20 00 1 0  
684 20 20 00 1 0  
685 20 20 00 1 0  
686 20 20 00 1 0  
687 37 37 00 1 0 7
688 35 35 00 1 0 5
689 0a 0a 00 1 0 .
690 39 39 00 1 0 9
691 37 37 00 1 0 7
692 20 20 00 1 0  
693 20 20 00 1 0  
694 20 20 00 1 0  
695 20 20 00 1 0  
696 20 20 00 1 0  
697 20 20 00 1 0  
698 37 37 00 1 0 7
699 33 33 00 1 0 3
700 0a 0a 00 1 0 .
701 39 39 00 1 0 9
702 39 39 00 1 0 9
703 20 20 00 1 0  
704 20 20 00 1 0  
705 20 20 00 1 0  
706 20 20 00 1 0  
707 20 20 00 1 0  
708 20 20 00 1 0  
709 37 37 00 1 0 7
710 30 30 00 1 0 0
711 0a 0a 00 1 0 .
712 39 39 00 1 0 9
713 35 35 00 1 0 5
714 20 20 00 1 0  
715 20 20 00 1 0  
716 20 20 00 1 0  
717 20 20 00 1 0  
718 20 20 00 1 0  
719 20 20 00 1 0  
720 38 38 00 1 0 8
721 33 33 00 1 0 3
722 0a 0a 00 1 0 .
723 39 39 00 1 0 9
724 38 38 00 1 0 8
725 20 20 00 1 0  
726 20 20 00 1 0  
727 20 20 00 1 0  
728 20 20 00 1 0  
729 20 20 00 1 0  
730 20 20 00 1 0  
731 37 37 00 1 0 7
732 36 36 00 1 0 6
733 0a 0a 00 1 0 .
734 39 39 00 1 0 9
735 37 37 00 1 0 7
736 20 20 00 1 0  
737 20 20 00 1 0  
738 20 20 00 1 0  
739 20 20 00 1 0  
740 20 20 00 1 0  
741 20 20 00 1 0  
742 37 37 00 1 0 7
743 34 34 00 1 0 4
744 0a 0a 00 1 0 .
745 39 39 00 1 0 9
746 36 36 00 1 0 6
747 20 20 00 1 0  
748 20 20 00 1 0  
749 20 20 00 1 0  
750 20 20 00 1 0  
751 20 20 00 1 0  
752 20 20 00 1 0  
753 38 38 00 1 0 8
754 31 31 00 1 0 1
755 0a 0a 00 1 0 .
756 39 39 00 1 0 9
757 39 39 00 1 0 9
758 20 20 00 1 0  
759 20 20 00 1 0  
760 20 20 00 1 0  
761 20 20 00 1 0  
762 20 20 00 1 0  
763 20 20 00 1 0  
764 37 37 00 1 0 7
765 32 32 00 1 0 2
766 0a 0a 00 1 0 .
767 39 39 00 1 0 9
768 38 38 00 1 0 8
769 20 20 00 1 0  
770 20 20 00 1 0  
771 20 20 00 1 0  
772 20 20 00 1 0  
773 20 20 00 1 0  
774 20 20 00 1 0  
775 37 37 00 1 0 7
776 33 33 00 1 0 3
777 0a 0a 00 1 0 .
778 39 39 00 1 0 9
779 37 37 00 1 0 7
780 20 20 00 1 0  
781 20 20 00 1 0  
782 20 20 00 1 0  
783 20 20 00 1 0  
784 20 20 00 1 0  
785 20 20 00 1 0  
786 37 37 00 1 0 7
787 35 35 00 1 0 5
788 0a 0a 00 1 0 .
789 39 39 00 1 0 9
790 36 36 00 1 0 6
791 20 20 00 1 0  
792 20 20 00 1 0  
793 20 20 00 1 0  
794 20 20 00 1 0  
795 20 20 00 1 0  
796 20 20 00 1 0  
797 37 37 00 1 0 7
798 38 38 00 1 0 8
799 0a 0a 00 1 0 .
800 39 39 00 1 0 9
801 38 38 00 1 0 8
802 20 20 00 1 0  
803 20 20 00 1 0  
804 20 20 00 1 0  
805 20 20 00 1 0  
806 20 20 00 1 0  
807 20 20 00 1 0  
808 37 37 00 1 0 7
809 34 34 00 1 0 4
810 0a 0a 00 1 0 .
811 39 39 00 1 0 9
812 39 39 00 1 0 9
813 20 20 00 1 0  
814 20 20 00 1 0  
815 20 20 00 1 0  
816 20 20 00 1 0  
817 20 20 00 1 0  
818 20 20 00 1 0  
819 37 37 00 1 0 7
820 31 31 00 1 0 1
821 0a 0a 00 1 0 .
822 39 39 00 1 0 9
823 35 35 00 1 0 5
824 20 20 00 1 0  
825 20 20 00 1 0  
826 20 20 00 1 0  
827 20 20 00 1 0  
828 20 20 00 1 0  
829 20 20 00 1 0  
830 38 38 00 1 0 8
831 34 34 00 1 0 4
832 0a 0a 00 1 0 .
833 39 39 00 1 0 9
834 37 37 00 1 0 7
835 20 20 00 1 0  
836 20 20 00 1 0  
837 20 20 00 1 0  
838 20 20 00 1 0  
839 20 20 00 1 0  
840 20 20 00 1 0  
841 37 37 00 1 0 7
842 36 36 00 1 0 6
843 0a 0a 00 1 0 .
844 39 39 00 1 0 9
845 38 38 00 1 0 8
846 20 20 00 1 0  
847 20 20 00 1 0  
848 20 20 00 1 0  
849 20 20 00 1 0  
850 20 20 00 1 0  
851 20 20 00 1 0  
852 37 37 00 1 0 7
853 35 35 00 1 0 5
854 0a 0a 00 1 0 .
855 39 39 00 1 0 9
856 36 36 00 1 0 6
857 20 20 00 1 0  
858 20 20 00 1 0  
859 20 20 00 1 0  
860 20 20 00 1 0  
861 20 20 00 1 0  
862 20 20 00 1 0  
863 38 38 00 1 0 8
864 30 30 00 1 0 0
865 0a 0a 00 1 0 .
866 39 39 00 1 0 9
867 39 39 00 1 0 9
868 20 20 00 1 0  
869 20 20 00 1 0  
870 20 20 00 1 0  
871 20 20 00 1 0  
872 20 20 00 1 0  
873 20 20 00 1 0  
874 37 37 00 1 0 7
875 30 30 00 1 0 0
876 0a 0a 00 1 0 .
877 39 39 00 1 0 9
878 37 37 00 1 0 7
879 20 20 00 1 0  
880 20 20 00 1 0  
881 20 20 00 1 0  
882 20 20 00 1 0  
883 20 20 00 1 0  
884 20 20 00 1 0  
885 37 37 00 1 0 7
886 34 34 00 1 0 4
887 0a 0a 00 1 0 .
888 39 39 00 1 0 9
889 38 38 00 1 0 8
890 20 20 00 1 0  
891 20 20 00 1 0  
892 20 20 00 1 0  
893 20 20 00 1 0  
894 20 20 00 1 0  
895 20 20 00 1 0  
896 37 37 00 1 0 7
897 33 33 00 1 0 3
898 0a 0a 00 1 0 .
899 39 39 00 1 0 9
900 36 36 00 1 0 6
901 20 20 00 1 0  
902 20 20 00 1 0  
903 20 20 00 1 0  
904 20 20 00 1 0  
905 20 20 00 1 0  
906 20 20 00 1 0  
907 37 37 00 1 0 7
908 37 37 00 1 0 7
909 0a 0a 00 1 0 .
910 39 39 00 1 0 9
911 39 39 00 1 0 9
912 20 20 00 1 0  
913 20 20 00 1 0  
914 20 20 00 1 0  
915 20 20 00 1 0  
916 20 20 00 1 0  
917 20 20 00 1 0  
918 36 36 00 1 0 6
919 39 39 00 1 0 9
920 0a 0a 00 1 0 .
921 39 39 00 1 0 9
922 35 35 00 1 0 5
923 20 20 00 1 0  
924 20 20 00 1 0  
925 20 20 00 1 0  
926 20 20 00 1 0  
927 20 20 00 1 0  
928 20 20 00 1 0  
929 38 38 00 1 0 8
930 36 36 00 1 0 6
931 0a 0a 00 1 0 .
932 39 39 00 1 0 9
933 38 38 00 1 0 8
934 20 20 00 1 0  
935 20 20 00 1 0  
936 20 20 00 1 0  
937 20 20 00 1 0  
938 20 20 00 1 0  
939 20 20 00 1 0  
940 37 37 00 1 0 7
941 36 36 00 1 0 6
942 0a 0a 00 1 0 .
943 39 39 00 1 0 9
944 37 37 00 1 0 7
945 20 20 00 1 0  
946 20 20 00 1 0  
947 20 20 00 1 0  
948 20 20 00 1 0  
949 20 20 00 1 0  
950 20 20 00 1 0  
951 37 37 00 1 0 7
952 35 35 00 1 0 5
953 0a 0a 00 1 0 .
954 39 39 00 1 0 9
955 36 36 00 1 0 6
956 20 20 00 1 0  
957 20 20 00 1 0  
958 20 20 00 1 0  
959 20 20 00 1 0  
960 20 20 00 1 0  
961 20 20 00 1 0  
962 37 37 00 1 0 7
963 38 38 00 1 0 8
964 0a 0a 00 1 0 .
965 39 39 00 1 0 9
966 38 38 00 1 0 8
967 20 20 00 1 0  
968 20 20 00 1 0  
969 20 20 00 1 0  
970 20 20 00 1 0  
971 20 20 00 1 0  
972 20 20 00 1 0  
973 37 37 00 1 0 7
974 34 34 00 1 0 4
975 0a 0a 00 1 0 .
976 39 39 00 1 0 9
977 39 39 00 1 0 9
978 20 20 00 1 0  
979 20 20 00 1 0  
980 20 20 00 1 0  
981 20 20 00 1 0  
982 20 20 00 1 0  
983 20 20 00 1 0  
984 37 37 00 1 0 7
985 31 31 00 1 0 1
986 0a 0a 00 1 0 .
987 39 39 00 1 0 9
988 37 37 00 1 0 7
989 20 20 00 1 0  
990 20 20 00 1 0  
991 20 20 00 1 0  
992 20 20 00 1 0  
993 20 20 00 1 0  
994 20 20 00 1 0  
995 37 37 00 1 0 7
996 33 33 00 1 0 3
997 0a 0a 00 1 0 .
998 39 39 00 1 0 9
999 36 36 00 1 0 6
1000 20 20 00 1 0  
1001 20 20 00 1 0  
1002 20 20 00 1 0  
1003 20 20 00 1 0  
1004 20 20 00 1 0  
1005 20 20 00 1 0  
1006 37 37 00 1 0 7
1007 39 39 00 1 0 9
1008 0a 0a 00 1 0 .
1009 39 39 00 1 0 9
1010 38 38 00 1 0 8
1011 20 20 00 1 0  
1012 20 20 00 1 0  
1013 20 20 00 1 0  
1014 20 20 00 1 0  
1015 20 20 00 1 0  
1016 20 20 00 1 0  
1017 37 37 00 1 0 7
1018 37 37 00 1 0 7
1019 0a 0a 00 1 0 .
1020 39 39 00 1 0 9
1021 35 35 00 1 0 5
1022 20 20 00 1 0  
1023 20 20 00 1 0  
1024 20 20 00 1 0  
1025 20 20 00 1 0  
1026 20 20 00 1 0  
1027 20 20 00 1 0  
1028 38 38 00 1 0 8
1029 32 32 00 1 0 2
1030 0a 0a 00 1 0 .
1031 39 39 00 1 0 9
1032 39 39 00 1 0 9
1033 20 20 00 1 0  
1034 20 20 00 1 0  
1035 20 20 00 1 0  
1036 20 20 00 1 0  
1037 20 20 00 1 0  
1038 20 20 00 1 0  
1039 37 37 00 1 0 7
1040 30 30 00 1 0 0
1041 0a 0a 00 1 0 .
1042 39 39 00 1 0 9
1043 37 37 00 1 0 7
1044 20 20 00 1 0  
1045 20 20 00 1 0  
1046 20 20 00 1 0  
1047 20 20 00 1 0  
1048 20 20 00 1 0  
1049 20 20 00 1 0  
1050 37 37 00 1 0 7
1051 34 34 00 1 0 4
1052 0a 0a 00 1 0 .
1053 39 39 00 1 0 9
1054 38 38 00 1 0 8
1055 20 20 00 1 0  
1056 20 20 00 1 0  
1057 20 20 00 1 0  
1058 20 20 00 1 0  
1059 20 20 00 1 0  
1060 20 20 00 1 0  
1061 37 37 00 1 0 7
1062 35 35 00 1 0 5
1063 0a 0a 00 1 0 .
1064 39 39 00 1 0 9
1065 36 36 00 1 0 6
1066 20 20 00 1 0  
1067 20 20 00 1 0  
1068 20 20 00 1 0  
1069 20 20 00 1 0  
1070 20 20 00 1 0  
1071 20 20 00 1 0  
1072 37 37 00 1 0 7
1073 38 38 00 1 0 8
1074 0a 0a 00 1 0 .
1075 39 39 00 1 0 9
1076 37 37 00 1 0 7
1077 20 20 00 1 0  
1078 20 20 00 1 0  
1079 20 20 00 1 0  
1080 20 20 00 1 0  
1081 20 20 00 1 0  
1082 20 20 00 1 0  
1083 37 37 00 1 0 7
1084 36 36 00 1 0 6
1085 0a 0a 00 1 0 .
1086 39 39 00 1 0 9
1087 38 38 00 1 0 8
1088 20 20 00 1 0  
1089 20 20 00 1 0  
1090 20 20 00 1 0  
1091 20 20 00 1 0  
1092 20 20 00 1 0  
1093 20 20 00 1 0  
1094 37 37 00 1 0 7
1095 33 33 00 1 0 3
1096 0a 0a 00 1 0 .
1097 39 39 00 1 0 9
1098 39 39 00 1 0 9
1099 20 20 00 1 0  
1100 20 20 00 1 0  
1101 20 20 00 1 0  
1102 20 20 00 1 0  
1103 20 20 00 1 0  
1104 20 20 00 1 0  
1105 37 37 00 1 0 7
1106 32 32 00 1 0 2
1107 0a 0a 00 1 0 .
1108 39 39 00 1 0 9
1109 36 36 00 1 0 6
1110 20 20 00 1 0  
1111 20 20 00 1 0  
1112 20 20 00 1 0  
1113 20 20 00 1 0  
1114 20 20 00 1 0  
1115 20 20 00 1 0  
1116 38 38 00 1 0 8
1117 30 30 00 1 0 0
1118 0a 0a 00 1 0 .
1119 39 39 00 1 0 9
1120 35 35 00 1 0 5
1121 20 20 00 1 0  
1122 20 20 00 1 0  
1123 20 20 00 1 0  
1124 20 20 00 1 0  
1125 20 20 00 1 0  
1126 20 20 00 1 0  
1127 38 38 00 1 0 8
1128 37 37 00 1 0 7
1129 0a 0a 00 1 0 .
1130 39 39 00 1 0 9
1131 38 38 00 1 0 8
1132 20 20 00 1 0  
1133 20 20 00 1 0  
1134 20 20 00 1 0  
1135 20 20 00 1 0  
1136 20 20 00 1 0  
1137 20 20 00 1 0  
1138 37 37 00 1 0 7
1139 34 34 00 1 0 4
1140 0a 0a 00 1 0 .
1141 39 39 00 1 0 9
1142 37 37 00 1 0 7
1143 20 20 00 1 0  
1144 20 20 00 1 0  
1145 20 20 00 1 0  
1146 20 20 00 1 0  
1147 20 20 00 1 0  
1148 20 20 00 1 0  
1149 37 37 00 1 0 7
1150 37 37 00 1 0 7
1151 0a 0a 00 1 0 .
1152 39 39 00 1 0 9
1153 39 39 00 1 0 9
1154 20 20 00 1 0  
1155 20 20 00 1 0  
1156 20 20 00 1 0  
1157 20 20 00 1 0  
1158 20 20 00 1 0  
1159 20 20 00 1 0  
1160 37 37 00 1 0 7
1161 31 31 00 1 0 1
1162 0a 0a 00 1 0 .
1163 39 39 00 1 0 9
1164 36 36 00 1 0 6
1165 20 20 00 1 0  
1166 20 20 00 1 0  
1167 20 20 00 1 0  
1168 20 20 00 1 0  
1169 20 20 00 1 0  
1170 20 20 00 1 0  
1171 37 37 00 1 0 7
1172 39 39 00 1 0 9
1173 0a 0a 00 1 0 .
1174 39 39 00 1 0 9
1175 38 38 00 1 0 8
1176 20 20 00 1 0  
1177 20 20 00 1 0  
1178 20 20 00 1 0  
1179 20 20 00 1 0  
1180 20 20 00 1 0  
1181 20 20 00 1 0  
1182 37 37 00 1 0 7
1183 35 35 00 1 0 5
1184 0a 0a 00 1 0 .
1185 39 39 00 1 0 9
1186 37 37 00 1 0 7
1187 20 20 00 1 0  
1188 20 20 00 1 0  
1189 20 20 00 1 0  
1190 20 20 00 1 0  
1191 20 20 00 1 0  
1192 20 20 00 1 0  
1193 37 37 00 1 0 7
1194 33 33 00 1 0 3
1195 0a 0a 00 1 0 .
1196 39 39 00 1 0 9
1197 39 39 00 1 0 9
1198 20 20 00 1 0  
1199 20 20 00 1 0  
1200 20 20 00 1 0  
1201 20 20 00 1 0  
1202 20 20 00 1 0  
1203 20 20 00 1 0  
1204 37 37 00 1 0 7
1205 30 30 00 1 0 0
1206 0a 0a 00 1 0 .
1207 39 39 00 1 0 9
1208 35 35 00 1 0 5
1209 20 20 00 1 0  
1210 20 20 00 1 0  
1211 20 20 00 1 0  
1212 20 20 00 1 0  
1213 20 20 00 1 0  
1214 20 20 00 1 0  
1215 38 38 00 1 0 8
1216 33 33 00 1 0 3
1217 0a 0a 00 1 0 .
1218 39 39 00 1 0 9
1219 38 38 00 1 0 8
1220 20 20 00 1 0  
1221 20 20 00 1 0  
1222 20 20 00 1 0  
1223 20 20 00 1 0  
1224 20 20 00 1 0  
1225 20 20 00 1 0  
1226 37 37 00 1 0 7
1227 36 36 00 1 0 6
1228 0a 0a 00 1 0 .
1229 39 39 00 1 0 9
1230 37 37 00 1 0 7
1231 20 20 00 1 0  
1232 20 20 00 1 0  
1233 20 20 00 1 0  
1234 20 20 00 1 0  
1235 20 20 00 1 0  
1236 20 20 00 1 0  
1237 37 37 00 1 0 7
1238 34 34 00 1 0 4
1239 0a 0a 00 1 0 .
1240 39 39 00 1 0 9
1241 36 36 00 1 0 6
1242 20 20 00 1 0  
1243 20 20 00 1 0  
1244 20 20 00 1 0  
1245 20 20 00 1 0  
1246 20 20 00 1 0  
1247 20 20 00 1 0  
1248 38 38 00 1 0 8
1249 31 31 00 1 0 1
1250 0a 0a 00 1 0 .
1251 39 39 00 1 0 9
1252 39 39 00 1 0 9
1253 20 20 00 1 0  
1254 20 20 00 1 0  
1255 20 20 00 1 0  
1256 20 20 00 1 0  
1257 20 20 00 1 0  
1258 20 20 00 1 0  
1259 37 37 00 1 0 7
1260 32 32 00 1 0 2
1261 0a 0a 00 1 0 .
1262 39 39 00 1 0 9
1263 38 38 00 1 0 8
1264 20 20 00 1 0  
1265 20 20 00 1 0  
1266 20 20 00 1 0  
1267 20 20 00 1 0  
1268 20 20 00 1 0  
1269 20 20 00 1 0  
1270 37 37 00 1 0 7
1271 33 33 00 1 0 3
1272 0a 0a 00 1 0 .
1273 39 39 00 1 0 9
1274 37 37 00 1 0 7
1275 20 20 00 1 0  
1276 20 20 00 1 0  
1277 20 20 00 1 0  
1278 20 20 00 1 0  
1279 20 20 00 1 0  
1280 20 20 00 1 0  
1281 37 37 00 1 0 7
1282 35 35 00 1 0 5
1283 0a 0a 00 1 0 .
1284 39 39 00 1 0 9
1285 36 36 00 1 0 6
1286 20 20 00 1 0  
1287 20 20 00 1 0  
1288 20 20 00 1 0  
1289 20 20 00 1 0  
1290 20 20 00 1 0  
1291 20 20 00 1 0  
1292 37 37 00 1 0 7
1293 38 38 00 1 0 8
1294 0a 0a 00 1 0 .
1295 39 39 00 1 0 9
1296 38 38 00 1 0 8
1297 20 20 00 1 0  
1298 20 20 00 1 0  
1299 20 20 00 1 0  
1300 20 20 00 1 0  
1301 20 20 00 1 0  
1302 20 20 00 1 0  
1303 37 37 00 1 0 7
1304 34 34 00 1 0 4
1305 0a 0a 00 1 0 .
1306 39 39 00 1 0 9
1307 39 39 00 1 0 9
1308 20 20 00 1 0  
1309 20 20 00 1 0  
1310 20 20 00 1 0  
1311 20 20 00 1 0  
1312 20 20 00 1 0  
1313 20 20 00 1 0  
1314 37 37 00 1 0 7
1315 31 31 00 1 0 1
1316 0a 0a 00 1 0 .
1317 39 39 00 1 0 9
1318 35 35 00 1 0 5
1319 20 20 00 1 0  
1320 20 20 00 1 0  
1321 20 20 00 1 0  
1322 20 20 00 1 0  
1323 20 20 00 1 0  
1324 20 20 00 1 0  
1325 38 38 00 1 0 8
1326 38 38 00 1 0 8
1327 0a 0a 00 1 0 .
1328 39 39 00 1 0 9
1329 37 37 00 1 0 7
1330 20 20 00 1 0  
1331 20 20 00 1 0  
1332 20 20 00 1 0  
1333 20 20 00 1 0  
1334 20 20 00 1 0  
1335 20 20 00 1 0  
1336 37 37 00 1 0 7
1337 36 36 00 1 0 6
1338 0a 0a 00 1 0 .
1339 39 39 00 1 0 9
1340 38 38 00 1 0 8
1341 20 20 00 1 0  
1342 20 20 00 1 0  
1343 20 20 00 1 0  
1344 20 20 00 1 0  
1345 20 20 00 1 0  
1346 20 20 00 1 0  
1347 37 37 00 1 0 7
1348 35 35 00 1 0 5
1349 0a 0a 00 1 0 .
1350 39 39 00 1 0 9
1351 36 36 00 1 0 6
1352 20 20 00 1 0  
1353 20 20 00 1 0  
1354 20 20 00 1 0  
1355 20 20 00 1 0  
1356 20 20 00 1 0  
1357 20 20 00 1 0  
1358 38 38 00 1 0 8
1359 30 30 00 1 0 0
1360 0a 0a 00 1 0 .
1361 39 39 00 1 0 9
1362 39 39 00 1 0 9
1363 20 20 00 1 0  
1364 20 20 00 1 0  
1365 20 20 00 1 0  
1366 20 20 00 1 0  
1367 20 20 00 1 0  
1368 20 20 00 1 0  
1369 37 37 00 1 0 7
1370 30 30 00 1 0 0
1371 0a 0a 00 1 0 .
1372 39 39 00 1 0 9
1373 37 37 00 1 0 7
1374 20 20 00 1 0  
1375 20 20 00 1 0  
1376 20 20 00 1 0  
1377 20 20 00 1 0  
1378 20 20 00 1 0  
1379 20 20 00 1 0  
1380 37 37 00 1 0 7
1381 34 34 00 1 0 4
1382 0a 0a 00 1 0 .
1383 39 39 00 1 0 9
1384 38 38 00 1 0 8
1385 20 20 00 1 0  
1386 20 20 00 1 0  
1387 20 20 00 1 0  
1388 20 20 00 1 0  
1389 20 20 00 1 0  
1390 20 20 00 1 0  
1391 37 37 00 1 0 7
1392 33 33 00 1 0 3
1393 0a 0a 00 1 0 .
1394 39 39 00 1 0 9
1395 36 36 00 1 0 6
1396 20 20 00 1 0  
1397 20 20 00 1 0  
1398 20 20 00 1 0  
1399 20 20 00 1 0  
1400 20 20 00 1 0  
1401 20 20 00 1 0  
1402 37 37 00 1 0 7
1403 37 37 00 1 0 7
1404 0a 0a 00 1 0 .
1405 39 39 00 1 0 9
1406 39 39 00 1 0 9
1407 20 20 00 1 0  
1408 20 20 00 1 0  
1409 20 20 00 1 0  
1410 20 20 00 1 0  
1411 20 20 00 1 0  
1412 20 20 00 1 0  
1413 36 36 00 1 0 6
1414 39 39 00 1 0 9
1415 0a 0a 00 1 0 .
1416 39 39 00 1 0 9
1417 35 35 00 1 0 5
1418 20 20 00 1 0  
1419 20 20 00 1 0  
1420 20 20 00 1 0  
1421 20 20 00 1 0  
1422 20 20 00 1 0  
1423 20 20 00 1 0  
1424 38 38 00 1 0 8
1425 39 39 00 1 0 9
1426 0a 0a 00 1 0 .
1427 39 39 00 1 0 9
1428 38 38 00 1 0 8
1429 20 20 00 1 0  
1430 20 20 00 1 0  
1431 20 20 00 1 0  
1432 20 20 00 1 0  
1433 20 20 00 1 0  
1434 20 20 00 1 0  
1435 37 37 00 1 0 7
1436 36 36 00 1 0 6
1437 0a 0a 00 1 0 .
1438 39 39 00 1 0 9
1439 37 37 00 1 0 7
1440 20 20 00 1 0  
1441 20 20 00 1 0  
1442 20 20 00 1 0  
1443 20 20 00 1 0  
1444 20 20 00 1 0  
1445 20 20 00 1 0  
1446 37 37 00 1 0 7
1447 35 35 00 1 0 5
1448 0a 0a 00 1 0 .
1449 39 39 00 1 0 9
1450 36 36 00 1 0 6
1451 20 20 00 1 0  
1452 20 20 00 1 0  
1453 20 20 00 1 0  
1454 20 20 00 1 0  
1455 20 20 00 1 0  
1456 20 20 00 1 0  
1457 37 37 00 1 0 7
1458 38 38 00 1 0 8
1459 0a 0a 00 1 0 .
1460 39 39 00 1 0 9
1461 38 38 00 1 0 8
1462 20 20 00 1 0  
1463 20 20 00 1 0  
1464 20 20 00 1 0  
1465 20 20 00 1 0  
1466 20 20 00 1 0  
1467 20 20 00 1 0  
1468 37 37 00 1 0 7
1469 34 34 00 1 0 4
1470 0a 0a 00 1 0 .
1471 39 39 00 1 0 9
1472 39 39 00 1 0 9
1473 20 20 00 1 0  
1474 20 20 00 1 0  
1475 20 20 00 1 0  
1476 20 20 00 1 0  
1477 20 20 00 1 0  
1478 20 20 00 1 0  
1479 37 37 00 1 0 7
1480 31 31 00 1 0 1
1481 0a 0a 00 1 0 .
1482 39 39 00 1 0 9
1483 37 37 00 1 0 7
1484 20 20 00 1 0  
1485 20 20 00 1 0  
1486 20 20 00 1 0  
1487 20 20 00 1 0  
1488 20 20 00 1 0  
1489 20 20 00 1 0  
1490 37 37 00 1 0 7
1491 33 33 00 1 0 3
1492 0a 0a 00 1 0 .
1493 39 39 00 1 0 9
1494 36 36 00 1 0 6
1495 20 20 00 1 0  
1496 20 20 00 1 0  
1497 20 20 00 1 0  
1498 20 20 00 1 0  
1499 20 20 00 1 0  
1500 20 20 00 1 0  
1501 37 37 00 1 0 7
1502 39 39 00 1 0 9
1503 0a 0a 00 1 0 .
1504 39 39 00 1 0 9
1505 38 38 00 1 0 8
1506 20 20 00 1 0  
1507 20 20 00 1 0  
1508 20 20 00 1 0  
1509 20 20 00 1 0  
1510 20 20 00 1 0  
1511 20 20 00 1 0  
1512 37 37 00 1 0 7
1513 37 37 00 1 0 7
1514 0a 0a 00 1 0 .
1515 39 39 00 1 0 9
1516 35 35 00 1 0 5
1517 20 20 00 1 0  
1518 20 20 00 1 0  
1519 20 20 00 1 0  
1520 20 20 00 1 0  
1521 20 20 00 1 0  
1522 20 20 00 1 0  
1523 38 38 00 1 0 8
1524 32 32 00 1 0 2
1525 0a 0a 00 1 0 .
1526 39 39 00 1 0 9
1527 39 39 00 1 0 9
1528 20 20 00 1 0  
1529 20 20 00 1 0  
1530 20 20 00 1 0  
1531 20 20 00 1 0  
1532 20 20 00 1 0  
1533 20 20 00 1 0  
1534 37 37 00 1 0 7
1535 30 30 00 1 0 0
1536 0a 0a 00 1 0 .
1537 39 39 00 1 0 9
1538 37 37 00 1 0 7
1539 20 20 00 1 0  
1540 20 20 00 1 0  
1541 20 20 00 1 0  
1542 20 20 00 1 0  
1543 20 20 00 1 0  
1544 20 20 00 1 0  
1545 37 37 00 1 0 7
1546 34 34 00 1 0 4
1547 0a 0a 00 1 0 .
1548 39 39 00 1 0 9
1549 38 38 00 1 0 8
1550 20 20 00 1 0  
1551 20 20 00 1 0  
1552 20 20 00 1 0  
1553 20 20 00 1 0  
1554 20 20 00 1 0  
1555 20 20 00 1 0  
1556 37 37 00 1 0 7
1557 35 35 00 1 0 5
1558 0a 0a 00 1 0 .
1559 39 39 00 1 0 9
1560 36 36 00 1 0 6
1561 20 20 00 1 0  
1562 20 20 00 1 0  
1563 20 20 00 1 0  
1564 20 20 00 1 0  
1565 20 20 00 1 0  
1566 20 20 00 1 0  
1567 37 37 00 1 0 7
1568 38 38 00 1 0 8
1569 0a 0a 00 1 0 .
1570 39 39 00 1 0 9
1571 37 37 00 1 0 7
1572 20 20 00 1 0  
1573 20 20 00 1 0  
1574 20 20 00 1 0  
1575 20 20 00 1 0  
1576 20 20 00 1 0  
1577 20 20 00 1 0  
1578 37 37 00 1 0 7
1579 36 36 00 1 0 6
1580 0a 0a 00 1 0 .
1581 39 39 00 1 0 9
1582 38 38 00 1 0 8
1583 20 20 00 1 0  
1584 20 20 00 1 0  
1585 20 20 00 1 0  
1586 20 20 00 1 0  
1587 20 20 00 1 0  
1588 20 20 00 1 0  
1589 37 37 00 1 0 7
1590 33 33 00 1 0 3
1591 0a 0a 00 1 0 .
1592 39 39 00 1 0 9
1593 39 39 00 1 0 9
1594 20 20 00 1 0  
1595 20 20 00 1 0  
1596 20 20 00 1 0  
1597 20 20 00 1 0  
1598 20 20 00 1 0  
1599 20 20 00 1 0  
1600 37 37 00 1 0 7
1601 32 32 00 1 0 2
1602 0a 0a 00 1 0 .
1603 39 39 00 1 0 9
1604 36 36 00 1 0 6
1605 20 20 00 1 0  
1606 20 20 00 1 0  
1607 20 20 00 1 0  
1608 20 20 00 1 0  
1609 20 20 00 1 0  
1610 20 20 00 1 0  
1611 38 38 00 1 0 8
1612 30 30 00 1 0 0
1613 0a 0a 00 1 0 .
1614 39 39 00 1 0 9
1615 35 35 00 1 0 5
1616 20 20 00 1 0  
1617 20 20 00 1 0  
1618 20 20 00 1 0  
1619 20 20 00 1 0  
1620 20 20 00 1 0  
1621 20 20 00 1 0  
1622 39 39 00 1 0 9
1623 30 30 00 1 0 0
1624 0a 0a 00 1 0 .
1625 39 39 00 1 0 9
1626 38 38 00 1 0 8
1627 20 20 00 1 0  
1628 20 20 00 1 0  
1629 20 20 00 1 0  
1630 20 20 00 1 0  
1631 20 20 00 1 0  
1632 20 20 00 1 0  
1633 37 37 00 1 0 7
1634 34 34 00 1 0 4
1635 0a 0a 00 1 0 .
1636 39 39 00 1 0 9
1637 37 37 00 1 0 7
1638 20 20 00 1 0  
1639 20 20 00 1 0  
1640 20 20 00 1 0  
1641 20 20 00 1 0  
1642 20 20 00 1 0  
1643 20 20 00 1 0  
1644 37 37 00 1 0 7
1645 37 37 00 1 0 7
1646 0a 0a 00 1 0 .
1647 39 39 00 1 0 9
1648 39 39 00 1 0 9
1649 20 20 00 1 0  
1650 20 20 00 1 0  
1651 20 20 00 1 0  
1652 20 20 00 1 0  
1653 20 20 00 1 0  
1654 20 20 00 1 0  
1655 37 37 00 1 0 7
1656 31 31 00 1 0 1
1657 0a 0a 00 1 0 .
1658 39 39 00 1 0 9
1659 36 36 00 1 0 6
1660 20 20 00 1 0  
1661 20 20 00 1 0  
1662 20 20 00 1 0  
1663 20 20 00 1 0  
1664 20 20 00 1 0  
1665 20 20 00 1 0  
1666 37 37 00 1 0 7
1667 39 39 00 1 0 9
1668 0a 0a 00 1 0 .
1669 39 39 00 1 0 9
1670 38 38 00 1 0 8
1671 20 20 00 1 0  
1672 20 20 00 1 0  
1673 20 20 00 1 0  
1674 20 20 00 1 0  
1675 20 20 00 1 0  
1676 20 20 00 1 0  
1677 37 37 00 1 0 7
1678 35 35 00 1 0 5
1679 0a 0a 00 1 0 .
1680 39 39 00 1 0 9
1681 37 37 00 1 0 7
1682 20 20 00 1 0  
1683 20 20 00 1 0  
1684 20 20 00 1 0  
1685 20 20 00 1 0  
1686 20 20 00 1 0  
1687 20 20 00 1 0  
1688 37 37 00 1 0 7
1689 33 33 00 1 0 3
1690 0a 0a 00 1 0 .
1691 39 39 00 1 0 9
1692 39 39 00 1 0 9
1693 20 20 00 1 0  
1694 20 20 00 1 0  
1695 20 20 00 1 0  
1696 20 20 00 1 0  
1697 20 20 00 1 0  
1698 20 20 00 1 0  
1699 37 37 00 1 0 7
1700 30 30 00 1 0 0
1701 0a 0a 00 1 0 .
1702 39 39 00 1 0 9
1703 35 35 00 1 0 5
1704 20 20 00 1 0  
1705 20 20 00 1 0  
1706 20 20 00 1 0  
1707 20 20 00 1 0  
1708 20 20 00 1 0  
1709 20 20 00 1 0  
1710 38 38 00 1 0 8
1711 33 33 00 1 0 3
1712 0a 0a 00 1 0 .
1713 39 39 00 1 0 9
1714 38 38 00 1 0 8
1715 20 20 00 1 0  
1716 20 20 00 1 0  
1717 20 20 00 1 0  
1718 20 20 00 1 0  
1719 20 20 00 1 0  
1720 20 20 00 1 0  
1721 37 37 00 1 0 7
1722 36 36 00 1 0 6
1723 0a 0a 00 1 0 .
1724 39 39 00 1 0 9
1725 37 37 00 1 0 7
1726 20 20 00 1 0  
1727 20 20 00 1 0  
1728 20 20 00 1 0  
1729 20 20 00 1 0  
1730 20 20 00 1 0  
1731 20 20 00 1 0  
1732 37 37 00 1 0 7
1733 34 34 00 1 0 4
1734 0a 0a 00 1 0 .
1735 39 39 00 1 0 9
1736 36 36 00 1 0 6
1737 20 20 00 1 0  
1738 20 20 00 1 0  
1739 20 20 00 1 0  
1740 20 20 00 1 0  
1741 20 20 00 1 0  
1742 20 20 00 1 0  
1743 38 38 00 1 0 8
1744 31 31 00 1 0 1
1745 0a 0a 00 1 0 .
1746 39 39 00 1 0 9
1747 39 39 00 1 0 9
1748 20 20 00 1 0  
1749 20 20 00 1 0  
1750 20 20 00 1 0  
1751 20 20 00 1 0  
1752 20 20 00 1 0  
1753 20 20 00 1 0  
1754 37 37 00 1 0 7
1755 32 32 00 1 0 2
1756 0a 0a 00 1 0 .
1757 39 39 00 1 0 9
1758 38 38 00 1 0 8
1759 20 20 00 1 0  
1760 20 20 00 1 0  
1761 20 20 00 1 0  
1762 20 20 00 1 0  
1763 20 20 00 1 0  
1764 20 20 00 1 0  
1765 37 37 00 1 0 7
1766 33 33 00 1 0 3
1767 0a 0a 00 1 0 .
1768 39 39 00 1 0 9
1769 37 37 00 1 0 7
1770 20 20 00 1 0  
1771 20 20 00 1 0  
1772 20 20 00 1 0  
1773 20 20 00 1 0  
1774 20 20 00 1 0  
1775 20 20 00 1 0  
1776 37 37 00 1 0 7
1777 35 35 00 1 0 5
1778 0a 0a 00 1 0 .
1779 39 39 00 1 0 9
1780 36 36 00 1 0 6
1781 20 20 00 1 0  
1782 20 20 00 1 0  
1783 20 20 00 1 0  
1784 20 20 00 1 0  
1785 20 20 00 1 0  
1786 20 20 00 1 0  
1787 37 37 00 1 0 7
1788 38 38 00 1 0 8
1789 0a 0a 00 1 0 .
1790 39 39 00 1 0 9
1791 38 38 00 1 0 8
1792 20 20 00 1 0  
1793 20 20 00 1 0  
1794 20 20 00 1 0  
1795 20 20 00 1 0  
1796 20 20 00 1 0  
1797 20 20 00 1 0  
1798 37 37 00 1 0 7
1799 34 34 00 1 0 4
1800 0a 0a 00 1 0 .
1801 39 39 00 1 0 9
1802 39 39 00 1 0 9
1803 20 20 00 1 0  
1804 20 20 00 1 0  
1805 20 20 00 1 0  
1806 20 20 00 1 0  
1807 20 20 00 1 0  
1808 20 20 00 1 0  
1809 37 37 00 1 0 7
1810 31 31 00 1 0 1
1811 0a 0a 00 1 0 .
1812 39 39 00 1 0 9
1813 35 35 00 1 0 5
1814 20 20 00 1 0  
1815 20 20 00 1 0  
1816 20 20 00 1 0  
1817 20 20 00 1 0  
1818 20 20 00 1 0  
1819 20 20 00 1 0  
1820 39 39 00 1 0 9
1821 31 31 00 1 0 1
1822 0a 0a 00 1 0 .
1823 39 39 00 1 0 9
1824 37 37 00 1 0 7
1825 20 20 00 1 0  
1826 20 20 00 1 0  
1827 20 20 00 1 0  
1828 20 20 00 1 0  
1829 20 20 00 1 0  
1830 20 20 00 1 0  
1831 37 37 00 1 0 7
1832 36 36 00 1 0 6
1833 0a 0a 00 1 0 .
1834 39 39 00 1 0 9
1835 38 38 00 1 0 8
1836 20 20 00 1 0  
1837 20 20 00 1 0  
1838 20 20 00 1 0  
1839 20 20 00 1 0  
1840 20 20 00 1 0  
1841 20 20 00 1 0  
1842 37 37 00 1 0 7
1843 35 35 00 1 0 5
1844 0a 0a 00 1 0 .
1845 39 39 00 1 0 9
1846 36 36 00 1 0 6
1847 20 20 00 1 0  
1848 20 20 00 1 0  
1849 20 20 00 1 0  
1850 20 20 00 1 0  
1851 20 20 00 1 0  
1852 20 20 00 1 0  
1853 38 38 00 1 0 8
1854 30 30 00 1 0 0
1855 0a 0a 00 1 0 .
1856 39 39 00 1 0 9
1857 39 39 00 1 0 9
1858 20 20 00 1 0  
1859 20 20 00 1 0  
1860 20 20 00 1 0  
1861 20 20 00 1 0  
1862 20 20 00 1 0  
1863 20 20 00 1 0  
1864 37 37 00 1 0 7
1865 30 30 00 1 0 0
1866 0a 0a 00 1 0 .
1867 39 39 00 1 0 9
1868 37 37 00 1 0 7
1869 20 20 00 1 0  
1870 20 20 00 1 0  
1871 20 20 00 1 0  
1872 20 20 00 1 0  
1873 20 20 00 1 0  
1874 20 20 00 1 0  
1875 37 37 00 1 0 7
1876 34 34 00 1 0 4
1877 0a 0a 00 1 0 .
1878 39 39 00 1 0 9
1879 38 38 00 1 0 8
1880 20 20 00 1 0  
1881 20 20 00 1 0  
1882 20 20 00 1 0  
1883 20 20 00 1 0  
1884 20 20 00 1 0  
1885 20 20 00 1 0  
1886 37 37 00 1 0 7
1887 33 33 00 1 0 3
1888 0a 0a 00 1 0 .
1889 39 39 00 1 0 9
1890 36 36 00 1 0 6
1891 20 20 00 1 0  
1892 20 20 00 1 0  
1893 20 20 00 1 0  
1894 20 20 00 1 0  
1895 20 20 00 1 0  
1896 20 20 00 1 0  
1897 37 37 00 1 0 7
1898 37 37 00 1 0 7
1899 0a 0a 00 1 0 .
1900 39 39 00 1 0 9
1901 39 39 00 1 0 9
1902 20 20 00 1 0  
1903 20 20 00 1 0  
1904 20 20 00 1 0  
1905 20 20 00 1 0  
1906 20 20 00 1 0  
1907 20 20 00 1 0  
1908 36 36 00 1 0 6
1909 39 39 00 1 0 9
1910 0a 0a 00 1 0 .
1911 39 39 00 1 0 9
1912 35 35 00 1 0 5
1913 20 20 00 1 0  
1914 20 20 00 1 0  
1915 20 20 00 1 0  
1916 20 20 00 1 0  
1917 20 20 00 1 0  
1918 20 20 00 1 0  
1919 39 39 00 1 0 9
1920 32 32 00 1 0 2
1921 0a 0a 00 1 0 .
1922 39 39 00 1 0 9
1923 38 38 00 1 0 8
1924 20 20 00 1 0  
1925 20 20 00 1 0  
1926 20 20 00 1 0  
1927 20 20 00 1 0  
1928 20 20 00 1 0  
1929 20 20 00 1 0  
1930 37 37 00 1 0 7
1931 36 36 00 1 0 6
1932 0a 0a 00 1 0 .
1933 39 39 00 1 0 9
1934 37 37 00 1 0 7
1935 20 20 00 1 0  
1936 20 20 00 1 0  
1937 20 20 00 1 0  
1938 20 20 00 1 0  
1939 20 20 00 1 0  
1940 20 20 00 1 0  
1941 37 37 00 1 0 7
1942 35 35 00 1 0 5
1943 0a 0a 00 1 0 .
1944 39 39 00 1 0 9
1945 36 36 00 1 0 6
1946 20 20 00 1 0  
1947 20 20 00 1 0  
1948 20 20 00 1 0  
1949 20 20 00 1 0  
1950 20 20 00 1 0  
1951 20 20 00 1 0  
1952 37 37 00 1 0 7
1953 38 38 00 1 0 8
1954 0a 0a 00 1 0 .
1955 39 39 00 1 0 9
1956 38 38 00 1 0 8
1957 20 20 00 1 0  
1958 20 20 00 1 0  
1959 20 20 00 1 0  
1960 20 20 00 1 0  
1961 20 20 00 1 0  
1962 20 20 00 1 0  
1963 37 37 00 1 0 7
1964 34 34 00 1 0 4
1965 0a 0a 00 1 0 .
1966 39 39 00 1 0 9
1967 39 39 00 1 0 9
1968 20 20 00 1 0  
1969 20 20 00 1 0  
1970 20 20 00 1 0  
1971 20 20 00 1 0  
1972 20 20 00 1 0  
1973 20 20 00 1 0  
1974 37 37 00 1 0 7
1975 31 31 00 1 0 1
1976 0a 0a 00 1 0 .
1977 39 39 00 1 0 9
1978 37 37 00 1 0 7
1979 20 20 00 1 0  
1980 20 20 00 1 0  
1981 20 20 00 1 0  
1982 20 20 00 1 0  
1983 20 20 00 1 0  
1984 20 20 00 1 0  
1985 37 37 00 1 0 7
1986 33 33 00 1 0 3
1987 0a 0a 00 1 0 .
1988 39 39 00 1 0 9
1989 36 36 00 1 0 6
1990 20 20 00 1 0  
1991 20 20 00 1 0  
1992 20 20 00 1 0  
1993 20 20 00 1 0  
1994 20 20 00 1 0  
1995 20 20 00 1 0  
1996 37 37 00 1 0 7
1997 39 39 00 1 0 9
1998 0a 0a 00 1 0 .
1999 39 39 00 1 0 9
2000 38 38 00 1 0 8
2001 20 20 00 1 0  
2002 20 20 00 1 0  
2003 20 20 00 1 0  
2004 20 20 00 1 0  
2005 20 20 00 1 0  
2006 20 20 00 1 0  
2007 37 37 00 1 0 7
2008 37 37 00 1 0 7
2009 0a 0a 00 1 0 .
2010 39 39 00 1 0 9
2011 35 35 00 1 0 5
2012 20 20 00 1 0  
2013 20 20 00 1 0  
2014 20 20 00 1 0  
2015 20 20 00 1 0  
2016 20 20 00 1 0  
2017 20 20 00 1 0  
2018 38 38 00 1 0 8
2019 32 32 00 1 0 2
2020 0a 0a 00 1 0 .
2021 39 39 00 1 0 9
2022 39 39 00 1 0 9
2023 20 20 00 1 0  
2024 20 20 00 1 0  
2025 20 20 00 1 0  
2026 20 20 00 1 0  
2027 20 20 00 1 0  
2028 20 20 00 1 0  
2029 37 37 00 1 0 7
2030 30 30 00 1 0 0
2031 0a 0a 00 1 0 .
2032 39 39 00 1 0 9
2033 37 37 00 1 0 7
2034 20 20 00 1 0  
2035 20 20 00 1 0  
2036 20 20 00 1 0  
2037 20 20 00 1 0  
2038 20 20 00 1 0  
2039 20 20 00 1 0  
2040 37 37 00 1 0 7
2041 34 34 00 1 0 4
2042 0a 0a 00 1 0 .
2043 39 39 00 1 0 9
2044 38 38 00 1 0 8
2045 20 20 00 1 0  
2046 20 20 00 1 0  
2047 20 20 00 1 0  
2048 20 20 00 1 0  
2049 20 20 00 1 0  
2050 20 20 00 1 0  
2051 37 37 00 1 0 7
2052 35 35 00 1 0 5
2053 0a 0a 00 1 0 .
2054 39 39 00 1 0 9
2055 36 36 00 1 0 6
2056 20 20 00 1 0  
2057 20 20 00 1 0  
2058 20 20 00 1 0  
2059 20 20 00 1 0  
2060 20 20 00 1 0  
2061 20 20 00 1 0  
2062 37 37 00 1 0 7
2063 38 38 00 1 0 8
2064 0a 0a 00 1 0 .
2065 39 39 00 1 0 9
2066 37 37 00 1 0 7
2067 20 20 00 1 0  
2068 20 20 00 1 0  
2069 20 20 00 1 0  
2070 20 20 00 1 0  
2071 20 20 00 1 0  
2072 20 20 00 1 0  
2073 37 37 00 1 0 7
2074 36 36 00 1 0 6
2075 0a 0a 00 1 0 .
2076 39 39 00 1 0 9
2077 38 38 00 1 0 8
2078 20 20 00 1 0  
2079 20 20 00 1 0  
2080 20 20 00 1 0  
2081 20 20 00 1 0  
2082 20 20 00 1 0  
2083 20 20 00 1 0  
2084 37 37 00 1 0 7
2085 33 33 00 1 0 3
2086 0a 0a 00 1 0 .
2087 39 39 00 1 0 9
2088 39 39 00 1 0 9
2089 20 20 00 1 0  
2090 20 20 00 1 0  
2091 20 20 00 1 0  
2092 20 20 00 1 0  
2093 20 20 00 1 0  
2094 20 20 00 1 0  
2095 37 37 00 1 0 7
2096 32 32 00 1 0 2
2097 0a 0a 00 1 0 .
2098 39 39 00 1 0 9
2099 36 36 00 1 0 6
2100 20 20 00 1 0  
2101 20 20 00 1 0  
2102 20 20 00 1 0  
2103 20 20 00 1 0  
2104 20 20 00 1 0  
2105 20 20 00 1 0  
2106 38 38 00 1 0 8
2107 30 30 00 1 0 0
2108 0a 0a 00 1 0 .
2109 39 39 00 1 0 9
2110 35 35 00 1 0 5
2111 20 20 00 1 0  
2112 20 20 00 1 0  
2113 20 20 00 1 0  
2114 20 20 00 1 0  
2115 20 20 00 1 0  
2116 20 20 00 1 0  
2117 39 39 00 1 0 9
2118 33 33 00 1 0 3
2119 0a 0a 00 1 0 .
2120 39 39 00 1 0 9
2121 38 38 00 1 0 8
2122 20 20 00 1 0  
2123 20 20 00 1 0  
2124 20 20 00 1 0  
2125 20 20 00 1 0  
2126 20 20 00 1 0  
2127 20 20 00 1 0  
2128 37 37 00 1 0 7
2129 34 34 00 1 0 4
2130 0a 0a 00 1 0 .
2131 39 39 00 1 0 9
2132 37 37 00 1 0 7
2133 20 20 00 1 0  
2134 20 20 00 1 0  
2135 20 20 00 1 0  
2136 20 20 00 1 0  
2137 20 20 00 1 0  
2138 20 20 00 1 0  
2139 37 37 00 1 0 7
2140 37 37 00 1 0 7
2141 0a 0a 00 1 0 .
2142 39 39 00 1 0 9
2143 39 39 00 1 0 9
2144 20 20 00 1 0  
2145 20 20 00 1 0  
2146 20 20 00 1 0  
2147 20 20 00 1 0  
2148 20 20 00 1 0  
2149 20 20 00 1 0  
2150 37 37 00 1 0 7
2151 31 31 00 1 0 1
2152 0a 0a 00 1 0 .
2153 39 39 00 1 0 9
2154 36 36 00 1 0 6
2155 20 20 00 1 0  
2156 20 20 00 1 0  
2157 20 20 00 1 0  
2158 20 20 00 1 0  
2159 20 20 00 1 0  
2160 20 20 00 1 0  
2161 37 37 00 1 0 7
2162 39 39 00 1 0 9
2163 0a 0a 00 1 0 .
2164 39 39 00 1 0 9
2165 38 38 00 1 0 8
2166 20 20 00 1 0  
2167 20 20 00 1 0  
2168 20 20 00 1 0  
2169 20 20 00 1 0  
2170 20 20 00 1 0  
2171 20 20 00 1 0  
2172 37 37 00 1 0 7
2173 35 35 00 1 0 5
2174 0a 0a 00 1 0 .
2175 39 39 00 1 0 9
2176 37 37 00 1 0 7
2177 20 20 00 1 0  
2178 20 20 00 1 0  
2179 20 20 00 1 0  
2180 20 20 00 1 0  
2181 20 20 00 1 0  
2182 20 20 00 1 0  
2183 37 37 00 1 0 7
2184 33 33 00 1 0 3
2185 0a 0a 00 1 0 .
2186 39 39 00 1 0 9
2187 39 39 00 1 0 9
2188 20 20 00 1 0  
2189 20 20 00 1 0  
2190 20 20 00 1 0  
2191 20 20 00 1 0  
2192 20 20 00 1 0  
2193 20 20 00 1 0  
2194 37 37 00 1 0 7
2195 30 30 00 1 0 0
2196 0a 0a 00 1 0 .
2197 39 39 00 1 0 9
2198 35 35 00 1 0 5
2199 20 20 00 1 0  
2200 20 20 00 1 0  
2201 20 20 00 1 0  
2202 20 20 00 1 0  
2203 20 20 00 1 0  
2204 20 20 00 1 0  
2205 38 38 00 1 0 8
2206 33 33 00 1 0 3
2207 0a 0a 00 1 0 .
2208 39 39 00 1 0 9
2209 38 38 00 1 0 8
2210 20 20 00 1 0  
2211 20 20 00 1 0  
2212 20 20 00 1 0  
2213 20 20 00 1 0  
2214 20 20 00 1 0  
2215 20 20 00 1 0  
2216 37 37 00 1 0 7
2217 36 36 00 1 0 6
2218 0a 0a 00 1 0 .
2219 39 39 00 1 0 9
2220 37 37 00 1 0 7
2221 20 20 00 1 0  
2222 20 20 00 1 0  
2223 20 20 00 1 0  
2224 20 20 00 1 0  
2225 20 20 00 1 0  
2226 20 20 00 1 0  
2227 37 37 00 1 0 7
2228 34 34 00 1 0 4
2229 0a 0a 00 1 0 .
2230 39 39 00 1 0 9
2231 36 36 00 1 0 6
2232 20 20 00 1 0  
2233 20 20 00 1 0  
2234 20 20 00 1 0  
2235 20 20 00 1 0  
2236 20 20 00 1 0  
2237 20 20 00 1 0  
2238 38 38 00 1 0 8
2239 31 31 00 1 0 1
2240 0a 0a 00 1 0 .
2241 39 39 00 1 0 9
2242 39 39 00 1 0 9
2243 20 20 00 1 0  
2244 20 20 00 1 0  
2245 20 20 00 1 0  
2246 20 20 00 1 0  
2247 20 20 00 1 0  
2248 20 20 00 1 0  
2249 37 37 00 1 0 7
2250 32 32 00 1 0 2
2251 0a 0a 00 1 0 .
2252 39 39 00 1 0 9
2253 38 38 00 1 0 8
2254 20 20 00 1 0  
2255 20 20 00 1 0  
2256 20 20 00 1 0  
2257 20 20 00 1 0  
2258 20 20 00 1 0  
2259 20 20 00 1 0  
2260 37 37 00 1 0 7
2261 33 33 00 1 0 3
2262 0a 0a 00 1 0 .
2263 39 39 00 1 0 9
2264 37 37 00 1 0 7
2265 20 20 00 1 0  
2266 20 20 00 1 0  
2267 20 20 00 1 0  
2268 20 20 00 1 0  
2269 20 20 00 1 0  
2270 20 20 00 1 0  
2271 37 37 00 1 0 7
2272 35 35 00 1 0 5
2273 0a 0a 00 1 0 .
2274 39 39 00 1 0 9
2275 36 36 00 1 0 6
2276 20 20 00 1 0  
2277 20 20 00 1 0  
2278 20 20 00 1 0  
2279 20 20 00 1 0  
2280 20 20 00 1 0  
2281 20 20 00 1 0  
2282 37 37 00 1 0 7
2283 38 38 00 1 0 8
2284 0a 0a 00 1 0 .
2285 39 39 00 1 0 9
2286 38 38 00 1 0 8
2287 20 20 00 1 0  
2288 20 20 00 1 0  
2289 20 20 00 1 0  
2290 20 20 00 1 0  
2291 20 20 00 1 0  
2292 20 20 00 1 0  
2293 37 37 00 1 0 7
2294 34 34 00 1 0 4
2295 0a 0a 00 1 0 .
2296 39 39 00 1 0 9
2297 39 39 00 1 0 9
2298 20 20 00 1 0  
2299 20 20 00 1 0  
2300 20 20 00 1 0  
2301 20 20 00 1 0  
2302 20 20 00 1 0  
2303 20 20 00 1 0  
2304 37 37 00 1 0 7
2305 31 31 00 1 0 1
2306 0a 0a 00 1 0 .
2307 39 39 00 1 0 9
2308 35 35 00 1 0 5
2309 20 20 00 1 0  
2310 20 20 00 1 0  
2311 20 20 00 1 0  
2312 20 20 00 1 0  
2313 20 20 00 1 0  
2314 20 20 00 1 0  
2315 39 39 00 1 0 9
2316 34 34 00 1 0 4
2317 0a 0a 00 1 0 .
2318 39 39 00 1 0 9
2319 37 37 00 1 0 7
2320 20 20 00 1 0  
2321 20 20 00 1 0  
2322 20 20 00 1 0  
2323 20 20 00 1 0  
2324 20 20 00 1 0  
2325 20 20 00 1 0  
2326 37 37 00 1 0 7
2327 36 36 00 1 0 6
2328 0a 0a 00 1 0 .
2329 39 39 00 1 0 9
2330 38 38 00 1 0 8
2331 20 20 00 1 0  
2332 20 20 00 1 0  
2333 20 20 00 1 0  
2334 20 20 00 1 0  
2335 20 20 00 1 0  
2336 20 20 00 1 0  
2337 37 37 00 1 0 7
2338 35 35 00 1 0 5
2339 0a 0a 00 1 0 .
2340 39 39 00 1 0 9
2341 36 36 00 1 0 6
2342 20 20 00 1 0  
2343 20 20 00 1 0  
2344 20 20 00 1 0  
2345 20 20 00 1 0  
2346 20 20 00 1 0  
2347 20 20 00 1 0  
2348 38 38 00 1 0 8
2349 30 30 00 1 0 0
2350 0a 0a 00 1 0 .
2351 39 39 00 1 0 9
2352 39 39 00 1 0 9
2353 20 20 00 1 0  
2354 20 20 00 1 0  
2355 20 20 00 1 0  
2356 20 20 00 1 0  
2357 20 20 00 1 0  
2358 20 20 00 1 0  
2359 37 37 00 1 0 7
2360 30 30 00 1 0 0
2361 0a 0a 00 1 0 .
2362 39 39 00 1 0 9
2363 37 37 00 1 0 7
2364 20 20 00 1 0  
2365 20 20 00 1 0  
2366 20 20 00 1 0  
2367 20 20 00 1 0  
2368 20 20 00 1 0  
2369 20 20 00 1 0  
2370 37 37 00 1 0 7
2371 34 34 00 1 0 4
2372 0a 0a 00 1 0 .
2373 39 39 00 1 0 9
2374 38 38 00 1 0 8
2375 20 20 00 1 0  
2376 20 20 00 1 0  
2377 20 20 00 1 0  
2378 20 20 00 1 0  
2379 20 20 00 1 0  
2380 20 20 00 1 0  
2381 37 37 00 1 0 7
2382 33 33 00 1 0 3
2383 0a 0a 00 1 0 .
2384 39 39 00 1 0 9
2385 36 36 00 1 0 6
2386 20 20 00 1 0  
2387 20 20 00 1 0  
2388 20 20 00 1 0  
2389 20 20 00 1 0  
2390 20 20 00 1 0  
2391 20 20 00 1 0  
2392 37 37 00 1 0 7
2393 37 37 00 1 0 7
2394 0a 0a 00 1 0 .
2395 39 39 00 1 0 9
2396 39 39 00 1 0 9
2397 20 20 00 1 0  
2398 20 20 00 1 0  
2399 20 20 00 1 0  
2400 20 20 00 1 0  
2401 20 20 00 1 0  
2402 20 20 00 1 0  
2403 36 36 00 1 0 6
2404 39 39 00 1 0 9
2405 0a 0a 00 1 0 .
2406 39 39 00 1 0 9
2407 35 35 00 1 0 5
2408 20 20 00 1 0  
2409 20 20 00 1 0  
2410 20 20 00 1 0  
2411 20 20 00 1 0  
2412 20 20 00 1 0  
2413 20 20 00 1 0  
2414 39 39 00 1 0 9
2415 35 35 00 1 0 5
2416 0a 0a 00 1 0 .
2417 39 39 00 1 0 9
2418 38 38 00 1 0 8
2419 20 20 00 1 0  
2420 20 20 00 1 0  
2421 20 20 00 1 0  
2422 20 20 00 1 0  
2423 20 20 00 1 0  
2424 20 20 00 1 0  
2425 37 37 00 1 0 7
2426 36 36 00 1 0 6
2427 0a 0a 00 1 0 .
2428 39 39 00 1 0 9
2429 37 37 00 1 0 7
2430 20 20 00 1 0  
2431 20 20 00 1 0  
2432 20 20 00 1 0  
2433 20 20 00 1 0  
2434 20 20 00 1 0  
2435 20 20 00 1 0  
2436 37 37 00 1 0 7
2437 35 35 00 1 0 5
2438 0a 0a 00 1 0 .
2439 39 39 00 1 0 9
2440 36 36 00 1 0 6
2441 20 20 00 1 0  
2442 20 20 00 1 0  
2443 20 20 00 1 0  
2444 20 20 00 1 0  
2445 20 20 00 1 0  
2446 20 20 00 1 0  
2447 37 37 00 1 0 7
2448 38 38 00 1 0 8
2449 0a 0a 00 1 0 .
2450 39 39 00 1 0 9
2451 38 38 00 1 0 8
2452 20 20 00 1 0  
2453 20 20 00 1 0  
2454 20 20 00 1 0  
2455 20 20 00 1 0  
2456 20 20 00 1 0  
2457 20 20 00 1 0  
2458 37 37 00 1 0 7
2459 34 34 00 1 0 4
2460 0a 0a 00 1 0 .
2461 39 39 00 1 0 9
2462 39 39 00 1 0 9
2463 20 20 00 1 0  
2464 20 20 00 1 0  
2465 20 20 00 1 0  
2466 20 20 00 1 0  
2467 20 20 00 1 0  
2468 20 20 00 1 0  
2469 37 37 00 1 0 7
2470 31 31 00 1 0 1
2471 0a 0a 00 1 0 .
2472 39 39 00 1 0 9
2473 37 37 00 1 0 7
2474 20 20 00 1 0  
2475 20 20 00 1 0  
2476 20 20 00 1 0  
2477 20 20 00 1 0  
2478 20 20 00 1 0  
2479 20 20 00 1 0  
2480 37 37 00 1 0 7
2481 33 33 00 1 0 3
2482 0a 0a 00 1 0 .
2483 39 39 00 1 0 9
2484 36 36 00 1 0 6
2485 20 20 00 1 0  
2486 20 20 00 1 0  
2487 20 20 00 1 0  
2488 20 20 00 1 0  
2489 20 20 00 1 0  
2490 20 20 00 1 0  
2491 37 37 00 1 0 7
2492 39 39 00 1 0 9
2493 0a 0a 00 1 0 .
2494 39 39 00 1 0 9
2495 38 38 00 1 0 8
2496 20 20 00 1 0  
2497 20 20 00 1 0  
2498 20 20 00 1 0  
2499 20 20 00 1 0  
2500 20 20 00 1 0  
2501 20 20 00 1 0  
2502 37 37 00 1 0 7
2503 37 37 00 1 0 7
2504 0a 0a 00 1 0 .
2505 39 39 00 1 0 9
2506 35 35 00 1 0 5
2507 20 20 00 1 0  
2508 20 20 00 1 0  
2509 20 20 00 1 0  
2510 20 20 00 1 0  
2511 20 20 00 1 0  
2512 20 20 00 1 0  
2513 38 38 00 1 0 8
2514 32 32 00 1 0 2
2515 0a 0a 00 1 0 .
2516 39 39 00 1 0 9
2517 39 39 00 1 0 9
2518 20 20 00 1 0  
2519 20 20 00 1 0  
2520 20 20 00 1 0  
2521 20 20 00 1 0  
2522 20 20 00 1 0  
2523 20 20 00 1 0  
2524 37 37 00 1 0 7
2525 30 30 00 1 0 0
2526 0a 0a 00 1 0 .
2527 39 39 00 1 0 9
2528 37 37 00 1 0 7
2529 20 20 00 1 0  
2530 20 20 00 1 0  
2531 20 20 00 1 0  
2532 20 20 00 1 0  
2533 20 20 00 1 0  
2534 20 20 00 1 0  
2535 37 37 00 1 0 7
2536 34 34 00 1 0 4
2537 0a 0a 00 1 0 .
2538 39 39 00 1 0 9
2539 38 38 00 1 0 8
2540 20 20 00 1 0  
2541 20 20 00 1 0  
2542 20 20 00 1 0  
2543 20 20 00 1 0  
2544 20 20 00 1 0  
2545 20 20 00 1 0  
2546 37 37 00 1 0 7
2547 35 35 00 1 0 5
2548 0a 0a 00 1 0 .
2549 0a 0a 00 1 0 .
2550 0a 0a 00 1 0 .
